>NTATYGATCH	HNF6(Homeobox)/Liver-Hnf6-ChIP-Seq(ERP000394)/Homer	4.573747
0.249	0.192	0.318	0.241
0.130	0.105	0.159	0.606
0.997	0.001	0.001	0.001
0.001	0.001	0.001	0.997
0.001	0.510	0.001	0.488
0.001	0.001	0.997	0.001
0.997	0.001	0.001	0.001
0.001	0.029	0.001	0.969
0.001	0.674	0.001	0.324
0.237	0.380	0.142	0.242
>NNNGCATGTCNNGACATGCN	p63(p53)/Keratinocyte-p63-ChIP-Seq(GSE17611)/Homer	6.985591
0.264	0.26	0.222	0.254
0.312	0.205	0.298	0.185
0.293293293293293	0.105105105105105	0.339339339339339	0.262262262262262
0.415	0.032	0.44	0.113
0.001998001998002	0.991008991008991	0.002997002997003	0.003996003996004
0.747747747747748	0.126126126126126	0.037037037037037	0.0890890890890891
0.325325325325325	0.013013013013013	0.174174174174174	0.487487487487487
0.004	0.002	0.992	0.002
0.0920920920920921	0.378378378378378	0.00900900900900901	0.520520520520521
0.156	0.485	0.09	0.269
0.168	0.372	0.152	0.308
0.308	0.216	0.311	0.165
0.31031031031031	0.0770770770770771	0.434434434434434	0.178178178178178
0.497	0.008	0.41	0.085
0.001	0.997	0.001	0.001
0.526526526526527	0.178178178178178	0.012012012012012	0.283283283283283
0.107892107892108	0.038961038961039	0.125874125874126	0.727272727272727
0.006	0.004	0.988	0.002
0.106893106893107	0.464535464535465	0.028971028971029	0.3996003996004
0.253253253253253	0.38038038038038	0.0830830830830831	0.283283283283283
>TAATCAATTA	Pax7(Paired,Homeobox)/Myoblast-Pax7-ChIP-Seq(GSE25064)/Homer	8.514716
0.255	0.050	0.087	0.608
0.984	0.001	0.014	0.001
0.997	0.001	0.001	0.001
0.001	0.016	0.001	0.982
0.001	0.954	0.001	0.044
0.949	0.039	0.011	0.001
0.976	0.001	0.022	0.001
0.001	0.001	0.001	0.997
0.001	0.024	0.004	0.971
0.819	0.030	0.014	0.137
>TWGHWACAWTGTWDC	DMRT1(DM)/Testis-DMRT1-ChIP-Seq(GSE64892)/Homer	7.680355
0.242	0.178	0.144	0.436
0.292	0.057	0.239	0.412
0.105	0.042	0.757	0.096
0.362	0.273	0.044	0.322
0.346	0.115	0.061	0.478
0.916	0.008	0.013	0.063
0.054	0.848	0.040	0.058
0.688	0.027	0.006	0.279
0.387	0.097	0.108	0.408
0.273	0.009	0.034	0.684
0.068	0.042	0.826	0.064
0.053	0.011	0.014	0.922
0.459	0.068	0.128	0.345
0.302	0.057	0.272	0.370
0.106	0.722	0.053	0.119
>NTGACCTTGA	Esrrb(NR)/mES-Esrrb-ChIP-Seq(GSE11431)/Homer	7.149281
0.202	0.185	0.376	0.237
0.01	0.072	0.012	0.906
0.031968031968032	0.0699300699300699	0.893106893106893	0.004995004995005
0.865	0.07	0.015	0.05
0.014	0.969	0.008	0.009
0.01	0.961	0.024	0.005
0.009	0.032	0.023	0.936
0.014	0.144	0.012	0.83
0.038	0.196	0.611	0.155
0.483	0.135	0.295	0.087
>NATGACTCATNN	Jun-AP1(bZIP)/K562-cJun-ChIP-Seq(GSE31477)/Homer	8.486263
0.244	0.149	0.396	0.211
0.473	0.218	0.268	0.041
0.001	0.001	0.001	0.997
0.001	0.001	0.991	0.007
0.997	0.001	0.001	0.001
0.051	0.462	0.44	0.047
0.021	0.001	0.001	0.977
0.024	0.974	0.001	0.001
0.997	0.001	0.001	0.001
0.05	0.258	0.227	0.465
0.21	0.394	0.153	0.243
0.241	0.319	0.211	0.229
>ATTGCGCAAC	CEBP(bZIP)/ThioMac-CEBPb-ChIP-Seq(GSE21512)/Homer	6.128409
0.811188811188811	0.101898101898102	0.0609390609390609	0.025974025974026
0.001	0.003	0.001	0.995
0.001	0.001	0.026	0.972
0.104	0.001	0.795	0.1
0.0760760760760761	0.624624624624625	0.0550550550550551	0.244244244244244
0.191808191808192	0.0609390609390609	0.643356643356643	0.103896103896104
0.102	0.757	0.003	0.138
0.971	0.027	0.001	0.001
0.993	0.001	0.005	0.001
0.036963036963037	0.663336663336663	0.142857142857143	0.156843156843157
>HWWGTCAGCAWWTTT	MafF(bZIP)/HepG2-MafF-ChIP-Seq(GSE31477)/Homer	8.359018
0.297	0.314	0.108	0.282
0.367	0.162	0.206	0.264
0.393	0.137	0.174	0.296
0.195	0.201	0.529	0.075
0.008	0.004	0.003	0.985
0.108	0.880	0.001	0.011
0.987	0.001	0.004	0.008
0.006	0.002	0.835	0.157
0.001	0.990	0.004	0.005
0.831	0.008	0.047	0.114
0.362	0.137	0.151	0.350
0.416	0.022	0.026	0.536
0.343	0.028	0.004	0.625
0.261	0.133	0.023	0.583
0.196	0.202	0.111	0.491
>CNNBRGCGCCCCCTGSTGGC	BORIS(Zf)/K562-CTCFL-ChIP-Seq(GSE32465)/Homer	9.032880
0.173	0.416	0.246	0.165
0.226	0.275	0.229	0.270
0.288	0.299	0.259	0.154
0.105	0.320	0.268	0.307
0.334	0.114	0.416	0.136
0.060	0.326	0.554	0.060
0.052	0.562	0.052	0.334
0.037	0.005	0.827	0.131
0.023	0.960	0.013	0.004
0.001	0.997	0.001	0.001
0.245	0.670	0.027	0.058
0.001	0.689	0.001	0.309
0.001	0.997	0.001	0.001
0.050	0.043	0.017	0.890
0.253	0.073	0.525	0.149
0.004	0.418	0.546	0.032
0.172	0.150	0.055	0.623
0.001	0.001	0.997	0.001
0.019	0.063	0.865	0.053
0.192	0.432	0.150	0.226
>MTGATGCAAT	Atf4(bZIP)/MEF-Atf4-ChIP-Seq(GSE35681)/Homer	6.539998
0.490	0.342	0.159	0.010
0.001	0.012	0.001	0.986
0.006	0.002	0.975	0.017
0.965	0.007	0.010	0.018
0.001	0.024	0.002	0.973
0.001	0.001	0.997	0.001
0.130	0.661	0.001	0.208
0.994	0.004	0.001	0.001
0.997	0.001	0.001	0.001
0.015	0.316	0.124	0.545
>AGCAGCTGCTNN	MyoD(bHLH)/Myotube-MyoD-ChIP-Seq(GSE21614)/Homer	7.249827
0.432	0.137	0.291	0.14
0.4004004004004	0.102102102102102	0.455455455455455	0.042042042042042
0.001	0.997	0.001	0.001
0.966	0.001	0.001	0.032
0.001	0.014	0.984	0.001
0.001	0.996	0.002	0.001
0.093	0.001	0.001	0.905
0.001	0.001	0.997	0.001
0.003	0.518	0.079	0.4
0.123	0.268	0.093	0.516
0.187	0.234	0.377	0.202
0.165	0.373	0.197	0.265
>SCCTSAGGSCAW	AP-2gamma(AP2)/MCF7-TFAP2C-ChIP-Seq(GSE21234)/Homer	6.349794
0.005	0.431	0.547	0.017
0.001	0.997	0.001	0.001
0.001	0.947	0.001	0.051
0.003	0.304	0.001	0.692
0.061	0.437	0.411	0.091
0.688	0.004	0.289	0.019
0.063	0.001	0.935	0.001
0.001	0.001	0.997	0.001
0.009	0.487	0.503	0.001
0.281	0.458	0.059	0.201
0.552	0.128	0.170	0.150
0.232	0.185	0.201	0.381
>AGAGGAAGTG	PU.1(ETS)/ThioMac-PU.1-ChIP-Seq(GSE21512)/Homer	7.613173
0.643	0.001	0.149	0.207
0.121878121878122	0.170829170829171	0.705294705294705	0.001998001998002
0.83	0.012	0.157	0.001
0.001	0.001	0.997	0.001
0.001	0.001	0.997	0.001
0.997	0.001	0.001	0.001
0.99	0.001	0.001	0.008
0.024024024024024	0.0740740740740741	0.900900900900901	0.001001001001001
0.001	0.005	0.001	0.993
0.079	0.097	0.773	0.051
>TGGGGAAGGGCM	ZNF467(Zf)/HEK293-ZNF467.GFP-ChIP-Seq(GSE58341)/Homer	7.761785
0.158	0.250	0.080	0.512
0.178	0.012	0.780	0.030
0.131	0.002	0.854	0.013
0.015	0.002	0.978	0.005
0.020	0.032	0.894	0.054
0.646	0.010	0.337	0.007
0.550	0.002	0.376	0.072
0.004	0.001	0.992	0.003
0.200	0.008	0.770	0.022
0.292	0.051	0.564	0.093
0.187	0.628	0.044	0.141
0.355	0.302	0.150	0.193
>AAAGTAAACA	FOXA1(Forkhead)/LNCAP-FOXA1-ChIP-Seq(GSE27824)/Homer	6.337526
0.483	0.026	0.01	0.481
0.644	0.067	0.24	0.049
0.574425574425574	0.001998001998002	0.110889110889111	0.312687312687313
0.128	0.001	0.87	0.001
0.001	0.152	0.001	0.846
0.893	0.105	0.001	0.001
0.969	0.029	0.001	0.001
0.997	0.001	0.001	0.001
0.001	0.775	0.001	0.223
0.997	0.001	0.001	0.001
>GAGCCTGGTACTGWGCCTGR	ZNF322(Zf)/HEK293-ZNF322.GFP-ChIP-Seq(GSE58341)/Homer	8.919087
0.151	0.157	0.584	0.108
0.425	0.097	0.242	0.235
0.128	0.121	0.592	0.159
0.181	0.558	0.077	0.184
0.070	0.901	0.001	0.028
0.249	0.150	0.017	0.584
0.230	0.116	0.540	0.114
0.182	0.226	0.421	0.171
0.096	0.250	0.145	0.509
0.479	0.272	0.086	0.163
0.019	0.946	0.005	0.030
0.340	0.109	0.036	0.515
0.041	0.358	0.573	0.028
0.461	0.067	0.087	0.385
0.086	0.032	0.829	0.053
0.057	0.799	0.051	0.093
0.026	0.929	0.001	0.044
0.198	0.027	0.031	0.744
0.019	0.064	0.792	0.125
0.311	0.159	0.384	0.145
>ACCACGTGGTNN	Max(bHLH)/K562-Max-ChIP-Seq(GSE31477)/Homer	6.608033
0.41041041041041	0.165165165165165	0.297297297297297	0.127127127127127
0.256	0.414	0.224	0.106
0.001	0.997	0.001	0.001
0.997	0.001	0.001	0.001
0.001	0.869	0.001	0.129
0.109	0.001	0.889	0.001
0.001	0.001	0.001	0.997
0.001	0.001	0.997	0.001
0.104	0.241	0.409	0.246
0.124	0.291	0.168	0.417
0.164	0.355	0.167	0.314
0.264264264264264	0.261261261261261	0.21021021021021	0.264264264264264
>NAGGTCACNNTGACC	ERE(NR),IR3/MCF7-ERa-ChIP-Seq(Unpublished)/Homer	7.666577
0.353353353353353	0.257257257257257	0.221221221221221	0.168168168168168
0.664	0.016	0.268	0.052
0.06	0.001	0.801	0.138
0.028	0.004	0.95	0.018
0.0570570570570571	0.033033033033033	0.154154154154154	0.755755755755756
0.001	0.928	0.031	0.04
0.934	0.007	0.026	0.033
0.144	0.421	0.262	0.173
0.219	0.308	0.251	0.222
0.166	0.283	0.387	0.164
0.037	0.015	0.007	0.941
0.042	0.024	0.933	0.001
0.729	0.164	0.038	0.069
0.021978021978022	0.933066933066933	0.00499500499500499	0.03996003996004
0.158	0.763	0.001	0.078
>CANAGNNCAAAGTCCA	HNF4a(NR),DR1/HepG2-HNF4a-ChIP-Seq(GSE25021)/Homer	7.857574
0.241	0.406	0.165	0.188
0.471	0.17	0.148	0.211
0.371628371628372	0.138861138861139	0.392607392607393	0.0969030969030969
0.518	0.009	0.376	0.097
0.113	0.016	0.8	0.071
0.193	0.074	0.375	0.358
0.138	0.318	0.212	0.332
0.018	0.937	0.003	0.042
0.982	0.012	0.004	0.002
0.787212787212787	0.018981018981019	0.186813186813187	0.00699300699300699
0.875	0.001	0.118	0.006
0.00899100899100899	0.00899100899100899	0.962037962037962	0.01998001998002
0.061	0.021	0.273	0.645
0.057	0.466	0.123	0.354
0.031968031968032	0.916083916083916	0.001998001998002	0.0499500499500499
0.805194805194805	0.0659340659340659	0.017982017982018	0.110889110889111
>NNTGTGGATTSS	Foxh1(Forkhead)/hESC-FOXH1-ChIP-Seq(GSE29422)/Homer	7.151234
0.259	0.191	0.278	0.272
0.241	0.285	0.184	0.291
0.176	0.105	0.064	0.655
0.001	0.001	0.997	0.001
0.001	0.114	0.001	0.884
0.001	0.001	0.809	0.189
0.001	0.001	0.702	0.296
0.997	0.001	0.001	0.001
0.138	0.040	0.021	0.801
0.001	0.051	0.001	0.947
0.166	0.325	0.337	0.172
0.187	0.287	0.381	0.144
>CTTGGCANNNTGCCAA	NF1(CTF)/LNCAP-NF1-ChIP-Seq(Unpublished)/Homer	7.598341
0.113	0.473	0.201	0.213
0.0669330669330669	0.425574425574426	0.037962037962038	0.46953046953047
0.056	0.003	0.158	0.783
0.001	0.001	0.995	0.003
0.018981018981019	0.003996003996004	0.963036963036963	0.013986013986014
0.164	0.782	0.043	0.011
0.506	0.186	0.033	0.275
0.179	0.356	0.257	0.208
0.262262262262262	0.222222222222222	0.211211211211211	0.304304304304304
0.18	0.271	0.352	0.197
0.264	0.029	0.194	0.513
0.008	0.053	0.784	0.155
0.016	0.96	0.005	0.019
0.005	0.993	0.001	0.001
0.784	0.155	0.003	0.058
0.442	0.064	0.421	0.073
>NCYAATAAAA	HOXD13(Homeobox)/Chicken-Hoxd13-ChIP-Seq(GSE38910)/Homer	6.877202
0.269	0.183	0.251	0.297
0.085	0.600	0.235	0.080
0.035	0.480	0.001	0.484
0.500	0.346	0.001	0.153
0.826	0.001	0.083	0.090
0.001	0.001	0.001	0.997
0.776	0.001	0.001	0.222
0.997	0.001	0.001	0.001
0.997	0.001	0.001	0.001
0.745	0.099	0.031	0.125
>RCCATMTGTT	Olig2(bHLH)/Neuron-Olig2-ChIP-Seq(GSE30882)/Homer	6.053393
0.371	0.097	0.325	0.206
0.179	0.644	0.159	0.018
0.215	0.782	0.002	0.001
0.754	0.001	0.094	0.151
0.001	0.007	0.362	0.630
0.389	0.513	0.050	0.048
0.009	0.018	0.014	0.959
0.023	0.001	0.975	0.001
0.022	0.185	0.283	0.510
0.132	0.291	0.086	0.490
>GCTGASTCAGCA	MafK(bZIP)/C2C12-MafK-ChIP-Seq(GSE36030)/Homer	8.221544
0.079	0.058	0.806	0.057
0.094	0.778	0.098	0.030
0.071	0.072	0.001	0.856
0.104	0.004	0.788	0.104
0.883	0.018	0.055	0.044
0.048	0.446	0.452	0.055
0.055	0.046	0.016	0.883
0.123	0.815	0.006	0.056
0.901	0.001	0.027	0.071
0.019	0.030	0.767	0.184
0.089	0.696	0.147	0.068
0.641	0.135	0.130	0.094
>GGAAGTGAAAST	PU.1:IRF8(ETS:IRF)/pDC-Irf8-ChIP-Seq(GSE66899)/Homer	8.986988
0.171	0.008	0.808	0.013
0.061	0.002	0.935	0.002
0.995	0.001	0.001	0.003
0.974	0.001	0.002	0.023
0.146	0.204	0.628	0.022
0.077	0.010	0.015	0.898
0.007	0.002	0.989	0.002
0.918	0.004	0.071	0.007
0.860	0.008	0.111	0.021
0.967	0.008	0.012	0.013
0.092	0.436	0.442	0.030
0.134	0.218	0.055	0.593
>ADBTAATTAR	Lhx3(Homeobox)/Neuron-Lhx3-ChIP-Seq(GSE31456)/Homer	5.127508
0.510	0.148	0.156	0.186
0.323	0.151	0.239	0.287
0.022	0.363	0.234	0.380
0.021	0.171	0.001	0.807
0.837	0.085	0.077	0.001
0.994	0.004	0.001	0.001
0.001	0.001	0.001	0.997
0.001	0.080	0.041	0.878
0.842	0.001	0.141	0.016
0.343	0.235	0.410	0.012
>AGNACAGNCTGTTCTN	ARE(NR)/LNCAP-AR-ChIP-Seq(GSE27824)/Homer	7.778994
0.467467467467467	0.001001001001001	0.427427427427427	0.104104104104104
0.054	0.001	0.923	0.022
0.39	0.201	0.276	0.133
0.89	0.026	0.039	0.045
0.001	0.988	0.01	0.001
0.832	0.001	0.043	0.124
0.096	0.291	0.414	0.199
0.262	0.233	0.243	0.262
0.203	0.409	0.292	0.096
0.123	0.046	0.001	0.83
0.001	0.011	0.987	0.001
0.047047047047047	0.042042042042042	0.018018018018018	0.892892892892893
0.127	0.268	0.198	0.407
0.011	0.944	0.001	0.044
0.102102102102102	0.411411411411411	0.001001001001001	0.485485485485485
0.143856143856144	0.260739260739261	0.23976023976024	0.355644355644356
>GATGACTCAGCA	NF-E2(bZIP)/K562-NFE2-ChIP-Seq(GSE31477)/Homer	9.748382
0.212	0.221	0.461	0.106
0.714	0.074	0.202	0.01
0.002	0.001	0.002	0.995
0.001	0.001	0.987	0.011
0.994	0.002	0.001	0.003
0.027	0.796	0.137	0.04
0.061	0.006	0.012	0.921
0.058	0.898	0.016	0.028
0.939	0.003	0.023	0.035
0.011	0.011	0.899	0.079
0.007	0.964	0.023	0.006
0.846	0.032	0.04	0.082
>TAATCCCN	Pitx1(Homeobox)/Chicken-Pitx1-ChIP-Seq(GSE38910)/Homer	4.695187
0.194	0.016	0.024	0.766
0.860	0.001	0.095	0.044
0.969	0.002	0.004	0.025
0.135	0.042	0.214	0.609
0.054	0.671	0.078	0.197
0.044	0.839	0.006	0.111
0.191	0.477	0.060	0.273
0.187	0.219	0.314	0.280
>NGGGGATTTCCC	NFkB-p65(RHD)/GM12787-p65-ChIP-Seq(GSE19485)/Homer	7.188169
0.386	0.093	0.197	0.324
0.0979020979020979	0.004995004995005	0.727272727272727	0.16983016983017
0.002002002002002	0.001001001001001	0.992992992992993	0.004004004004004
0.001	0.001	0.965	0.033
0.354	0.001	0.622	0.023
0.601398601398601	0.137862137862138	0.171828171828172	0.0889110889110889
0.355	0.072	0.016	0.557
0.031031031031031	0.014014014014014	0.017017017017017	0.937937937937938
0.001	0.193	0.001	0.805
0.001	0.816	0.001	0.182
0.002002002002002	0.973973973973974	0.001001001001001	0.023023023023023
0.260739260739261	0.608391608391608	0.018981018981019	0.111888111888112
>NNCTTATCTN	Gata2(Zf)/K562-GATA2-ChIP-Seq(GSE18829)/Homer	6.674828
0.152	0.286	0.226	0.336
0.020979020979021	0.385614385614386	0.243756243756244	0.34965034965035
0.001	0.775	0.172	0.052
0.001	0.004	0.001	0.994
0.001	0.001	0.001	0.997
0.997	0.001	0.001	0.001
0.001	0.001	0.001	0.997
0.001	0.997	0.001	0.001
0.266	0.001	0.028	0.705
0.0669330669330669	0.37962037962038	0.378621378621379	0.174825174825175
>TTGCCAAG	NF1-halfsite(CTF)/LNCaP-NF1-ChIP-Seq(Unpublished)/Homer	6.734334
0.029	0.338	0.192	0.441
0.001	0.001	0.001	0.997
0.001	0.001	0.997	0.001
0.001	0.635	0.363	0.001
0.001	0.997	0.001	0.001
0.997	0.001	0.001	0.001
0.621	0.001	0.377	0.001
0.214785214785215	0.297702297702298	0.471528471528472	0.015984015984016
>TGCGTGGGYG	Egr1(Zf)/K562-Egr1-ChIP-Seq(GSE32465)/Homer	7.353296
0.128	0.072	0.142	0.658
0.078	0.036	0.882	0.004
0.154	0.523	0.023	0.300
0.001	0.001	0.997	0.001
0.001	0.001	0.282	0.716
0.027	0.001	0.971	0.001
0.001	0.002	0.973	0.024
0.001	0.001	0.997	0.001
0.153	0.415	0.010	0.422
0.034	0.002	0.940	0.024
>ATTAACACCT	Eomes(T-box)/H9-Eomes-ChIP-Seq(GSE26097)/Homer	5.436848
0.463	0.190	0.149	0.198
0.038	0.063	0.016	0.883
0.006	0.028	0.001	0.965
0.572	0.342	0.047	0.039
0.563	0.018	0.149	0.270
0.001	0.996	0.001	0.002
0.947	0.008	0.008	0.037
0.026	0.856	0.117	0.001
0.093	0.695	0.017	0.195
0.096	0.117	0.007	0.780
>AACCGGAAGT	ETV1(ETS)/GIST48-ETV1-ChIP-Seq(GSE22441)/Homer	6.285881
0.426	0.192	0.247	0.135
0.563436563436563	0.107892107892108	0.217782217782218	0.110889110889111
0.081	0.779	0.116	0.024
0.370629370629371	0.594405594405594	0.022977022977023	0.011988011988012
0.012987012987013	0.011988011988012	0.967032967032967	0.00799200799200799
0.014	0.012	0.963	0.011
0.949	0.016	0.016	0.019
0.857	0.02	0.021	0.102
0.148	0.068	0.761	0.023
0.085	0.209	0.101	0.605
>RGKGGGCGKGGC	KLF14(Zf)/HEK293-KLF14.GFP-ChIP-Seq(GSE58341)/Homer	6.330528
0.343	0.076	0.426	0.155
0.169	0.049	0.747	0.035
0.086	0.008	0.420	0.485
0.027	0.009	0.963	0.001
0.001	0.001	0.997	0.001
0.001	0.001	0.997	0.001
0.141	0.628	0.001	0.230
0.026	0.001	0.968	0.005
0.003	0.006	0.499	0.492
0.166	0.016	0.765	0.053
0.214	0.121	0.586	0.079
0.073	0.579	0.181	0.167
>GGGGCTYGKCTGGGA	Zfp809(Zf)/ES-Zfp809-ChIP-Seq(GSE70799)/Homer	9.012330
0.196	0.123	0.521	0.160
0.168	0.100	0.464	0.268
0.112	0.030	0.570	0.288
0.045	0.161	0.778	0.016
0.001	0.997	0.001	0.001
0.203	0.084	0.032	0.681
0.001	0.393	0.154	0.451
0.067	0.001	0.923	0.009
0.042	0.191	0.367	0.400
0.019	0.784	0.055	0.142
0.127	0.209	0.003	0.661
0.001	0.001	0.997	0.001
0.001	0.001	0.997	0.001
0.001	0.001	0.997	0.001
0.707	0.089	0.167	0.037
>NAAACCGGTTNNAACCGGTT	Tcfcp2l1(CP2)/mES-Tcfcp2l1-ChIP-Seq(GSE11431)/Homer	8.040869
0.268	0.295	0.264	0.173
0.423	0.157	0.294	0.126
0.578	0.053	0.277	0.092
0.469	0.047	0.304	0.18
0.001	0.965	0.033	0.001
0.096	0.596	0.001	0.307
0.418	0.001	0.494	0.087
0.002997002997003	0.018981018981019	0.977022977022977	0.000999000999000999
0.187187187187187	0.315315315315315	0.023023023023023	0.474474474474474
0.0770770770770771	0.285285285285285	0.0530530530530531	0.584584584584585
0.178178178178178	0.363363363363363	0.152152152152152	0.306306306306306
0.362	0.179	0.305	0.154
0.627	0.053	0.251	0.069
0.494	0.019	0.298	0.189
0.001	0.978	0.02	0.001
0.07	0.619	0.001	0.31
0.410589410589411	0.000999000999000999	0.474525474525474	0.113886113886114
0.001	0.015	0.983	0.001
0.189	0.324	0.043	0.444
0.113	0.296	0.048	0.543
>CCWTTGTY	Sox3(HMG)/NPC-Sox3-ChIP-Seq(GSE33059)/Homer	6.563838
0.019	0.695	0.147	0.139
0.032	0.705	0.003	0.260
0.481	0.001	0.001	0.517
0.001	0.001	0.001	0.997
0.001	0.001	0.001	0.997
0.007	0.027	0.843	0.123
0.056	0.001	0.113	0.830
0.076	0.330	0.185	0.409
>ACATCAAAGGNA	Tcf4(HMG)/Hct116-Tcf4-ChIP-Seq(SRA012054)/Homer	7.170992
0.832	0.013	0.097	0.058
0.005	0.501	0.485	0.009
0.737	0.002	0.001	0.26
0.022	0.002	0.001	0.975
0.001	0.901	0.095	0.003
0.997	0.001	0.001	0.001
0.989	0.005	0.005	0.001
0.995	0.001	0.003	0.001
0.058	0.001	0.94	0.001
0.203	0.135	0.592	0.07
0.28	0.307	0.356	0.057
0.445	0.197	0.165	0.193
>ADGGYAGYAGCATCT	PRDM9(Zf)/Testis-DMC1-ChIP-Seq(GSE35498)/Homer	8.023552
0.467	0.120	0.253	0.160
0.314	0.088	0.226	0.373
0.218	0.005	0.676	0.101
0.308	0.047	0.605	0.040
0.082	0.455	0.015	0.449
0.792	0.001	0.189	0.018
0.100	0.023	0.868	0.009
0.041	0.502	0.007	0.450
0.890	0.003	0.094	0.013
0.112	0.138	0.533	0.217
0.001	0.996	0.001	0.002
0.577	0.045	0.001	0.377
0.034	0.218	0.260	0.488
0.004	0.979	0.006	0.011
0.330	0.125	0.003	0.542
>AGAAATGACTTCCCT	ZNF528(Zf)/HEK293-ZNF528.GFP-ChIP-Seq(GSE58341)/Homer	12.860348
0.785	0.001	0.182	0.032
0.124	0.005	0.854	0.017
0.692	0.270	0.027	0.011
0.940	0.001	0.058	0.001
0.728	0.058	0.170	0.044
0.001	0.015	0.001	0.983
0.016	0.001	0.880	0.103
0.470	0.159	0.224	0.147
0.001	0.988	0.001	0.010
0.027	0.153	0.011	0.809
0.005	0.005	0.005	0.985
0.001	0.885	0.005	0.109
0.027	0.752	0.001	0.220
0.191	0.473	0.064	0.272
0.199	0.241	0.103	0.457
>ATTTGCATAACAATG	OCT4-SOX2-TCF-NANOG(POU,Homeobox,HMG)/mES-Oct4-ChIP-Seq(GSE11431)/Homer	8.751420
0.768	0.081	0.045	0.106
0.023	0.012	0.003	0.962
0.028971028971029	0.101898101898102	0.013986013986014	0.855144855144855
0.19	0.008	0.007	0.795
0.161838161838162	0.0889110889110889	0.727272727272727	0.021978021978022
0.0850850850850851	0.908908908908909	0.001001001001001	0.005005005005005
0.974	0.01	0.001	0.015
0.0810810810810811	0.02002002002002	0.004004004004004	0.894894894894895
0.537	0.103	0.186	0.174
0.624	0.056	0.012	0.308
0.127	0.595	0.177	0.101
0.934065934065934	0.017982017982018	0.00999000999000999	0.037962037962038
0.924075924075924	0.014985014985015	0.030969030969031	0.02997002997003
0.398398398398398	0.012012012012012	0.038038038038038	0.551551551551552
0.222	0.053	0.644	0.081
>ATTTCCCAGVAKSCY	ZNF143|STAF(Zf)/CUTLL-ZNF143-ChIP-Seq(GSE29600)/Homer	8.623605
0.536	0.180	0.148	0.136
0.263	0.177	0.135	0.425
0.063	0.340	0.087	0.510
0.182	0.052	0.011	0.755
0.001	0.997	0.001	0.001
0.001	0.997	0.001	0.001
0.001	0.997	0.001	0.001
0.936	0.001	0.059	0.004
0.042	0.114	0.527	0.317
0.367	0.307	0.313	0.013
0.804	0.045	0.148	0.003
0.078	0.022	0.410	0.490
0.028	0.380	0.484	0.107
0.001	0.997	0.001	0.001
0.234	0.386	0.015	0.366
>TGGAACAGMA	ZNF189(Zf)/HEK293-ZNF189.GFP-ChIP-Seq(GSE58341)/Homer	7.119277
0.118	0.058	0.326	0.499
0.019	0.019	0.936	0.026
0.035	0.033	0.900	0.032
0.924	0.035	0.024	0.017
0.827	0.040	0.028	0.105
0.077	0.613	0.224	0.086
0.533	0.093	0.287	0.087
0.067	0.075	0.788	0.070
0.434	0.413	0.039	0.113
0.545	0.223	0.193	0.039
>ATGACGTCATCN	JunD(bZIP)/K562-JunD-ChIP-Seq/Homer	8.840059
0.636	0.078	0.276	0.01
0.001	0.001	0.001	0.997
0.001	0.001	0.981	0.017
0.994	0.001	0.004	0.001
0.001	0.785	0.041	0.173
0.165	0.034	0.8	0.001
0.001	0.003	0.001	0.995
0.016	0.982	0.001	0.001
0.997	0.001	0.001	0.001
0.00899100899100899	0.281718281718282	0.0799200799200799	0.629370629370629
0.134	0.529	0.131	0.206
0.281	0.254	0.256	0.209
>GGAGCTGTCCATGGTGCTGA	REST-NRSF(Zf)/Jurkat-NRSF-ChIP-Seq/Homer	12.268316
0.112	0.019	0.771	0.098
0.0619380619380619	0.12987012987013	0.715284715284715	0.0929070929070929
0.447552447552447	0.302697302697303	0.036963036963037	0.212787212787213
0.108	0.066	0.717	0.109
0.006	0.966	0.007	0.021
0.002	0.002	0.001	0.995
0.048	0.121	0.822	0.009
0.038	0.014	0.065	0.883
0.001	0.985	0.001	0.013
0.001	0.98	0.001	0.018
0.578421578421578	0.0799200799200799	0.211788211788212	0.12987012987013
0.165	0.086	0.125	0.624
0.041041041041041	0.00800800800800801	0.931931931931932	0.019019019019019
0.001	0.002	0.996	0.001
0.002	0.003	0.001	0.994
0.066	0.159	0.701	0.074
0.01	0.953	0.014	0.023
0.012	0.02	0.01	0.958
0.04	0.013	0.914	0.033
0.761	0.075	0.135	0.029
>AGGTCTCTAACC	PRDM14(Zf)/H1-PRDM14-ChIP-Seq(GSE22767)/Homer	7.194475
0.51	0.011	0.38	0.099
0.027027027027027	0.021021021021021	0.942942942942943	0.00900900900900901
0.012	0.033	0.908	0.047
0.075	0.012	0.155	0.758
0.006	0.924	0.02	0.05
0.056056056056056	0.273273273273273	0.001001001001001	0.66966966966967
0.001001001001001	0.832832832832833	0.0810810810810811	0.0850850850850851
0.001	0.001	0.001	0.997
0.997	0.001	0.001	0.001
0.765	0.034	0.027	0.174
0.065	0.587	0.224	0.124
0.13	0.417	0.072	0.381
>ATGMATATDC	Pit1(Homeobox)/GCrat-Pit1-ChIP-Seq(GSE58009)/Homer	6.401580
0.744	0.077	0.037	0.142
0.001	0.001	0.001	0.997
0.104	0.019	0.804	0.073
0.477	0.493	0.001	0.029
0.956	0.005	0.001	0.038
0.020	0.029	0.001	0.950
0.937	0.001	0.044	0.018
0.280	0.087	0.023	0.610
0.258	0.062	0.389	0.292
0.072	0.661	0.043	0.224
>ATTTGCATAA	Oct4(POU,Homeobox)/mES-Oct4-ChIP-Seq(GSE11431)/Homer	7.325577
0.852	0.048	0.048	0.052
0.001	0.001	0.001	0.997
0.001	0.043	0.001	0.955
0.155	0.001	0.001	0.843
0.107	0.001	0.891	0.001
0.008	0.99	0.001	0.001
0.997	0.001	0.001	0.001
0.001	0.004	0.001	0.994
0.676	0.047	0.125	0.152
0.434	0.107	0.063	0.396
>NATGTTGCAA	CEBP:AP1(bZIP)/ThioMac-CEBPb-ChIP-Seq(GSE21512)/Homer	6.428620
0.29	0.093	0.336	0.281
0.464	0.16	0.356	0.02
0.016	0.001	0.006	0.977
0.045	0.001	0.921	0.033
0.378	0.003	0.001	0.618
0.0810810810810811	0.0490490490490491	0.117117117117117	0.752752752752753
0.004	0.001	0.994	0.001
0.063	0.867	0.001	0.069
0.997	0.001	0.001	0.001
0.986986986986987	0.00900900900900901	0.001001001001001	0.003003003003003
>AAACYKGTTWDACMRGTTTB	GRHL2(CP2)/HBE-GRHL2-ChIP-Seq(GSE46194)/Homer	6.954920
0.528	0.114	0.244	0.114
0.737	0.031	0.149	0.083
0.738	0.009	0.130	0.123
0.001	0.916	0.082	0.001
0.202	0.446	0.002	0.350
0.255	0.011	0.408	0.327
0.001	0.001	0.997	0.001
0.180	0.221	0.011	0.588
0.214	0.256	0.021	0.509
0.298	0.171	0.122	0.409
0.370	0.050	0.271	0.308
0.453	0.032	0.248	0.268
0.001	0.975	0.004	0.020
0.321	0.417	0.009	0.253
0.409	0.006	0.383	0.203
0.003	0.161	0.831	0.005
0.155	0.143	0.030	0.672
0.097	0.165	0.055	0.683
0.126	0.251	0.121	0.502
0.183	0.237	0.217	0.363
>AAAGRGGAAGTG	SpiB(ETS)/OCILY3-SPIB-ChIP-Seq(GSE56857)/Homer	8.853120
0.674	0.056	0.120	0.150
0.698	0.014	0.163	0.125
0.694	0.051	0.074	0.181
0.262	0.045	0.594	0.099
0.439	0.266	0.294	0.001
0.183	0.001	0.815	0.001
0.001	0.001	0.997	0.001
0.997	0.001	0.001	0.001
0.997	0.001	0.001	0.001
0.087	0.265	0.620	0.028
0.014	0.149	0.045	0.792
0.042	0.167	0.726	0.065
>GCCACACCCA	Klf4(Zf)/mES-Klf4-ChIP-Seq(GSE11431)/Homer	7.333962
0.163	0.004	0.827	0.006
0.0610610610610611	0.907907907907908	0.014014014014014	0.017017017017017
0.001	0.994	0.001	0.004
0.859	0.132	0.008	0.001
0.001	0.997	0.001	0.001
0.855	0.001	0.143	0.001
0.001	0.997	0.001	0.001
0.001	0.997	0.001	0.001
0.001	0.997	0.001	0.001
0.764	0.083	0.006	0.147
>CGGTTGCCATGGCAAC	RFX(HTH)/K562-RFX3-ChIP-Seq(SRA012198)/Homer	8.570807
0.09	0.564	0.152	0.194
0.133	0.217	0.437	0.213
0.034	0.004	0.951	0.011
0.012012012012012	0.035035035035035	0.028028028028028	0.924924924924925
0.052	0.172	0.018	0.758
0.123	0.062	0.693	0.122
0.003	0.905	0.005	0.087
0.001	0.874	0.002	0.123
0.79	0.076	0.05	0.084
0.0839160839160839	0.0499500499500499	0.0849150849150849	0.781218781218781
0.106893106893107	0.001998001998002	0.89010989010989	0.000999000999000999
0.0890890890890891	0.005005005005005	0.901901901901902	0.004004004004004
0.119	0.693	0.061	0.127
0.738	0.018	0.19	0.054
0.916	0.025	0.044	0.015
0.011	0.94	0.006	0.043
>SMCAGTCWGAKGGAGGAGGC	ZSCAN22(Zf)/HEK293-ZSCAN22.GFP-ChIP-Seq(GSE58341)/Homer	10.156824
0.092	0.351	0.370	0.187
0.302	0.419	0.143	0.135
0.183	0.395	0.219	0.204
0.574	0.032	0.215	0.179
0.167	0.032	0.785	0.016
0.175	0.211	0.080	0.534
0.016	0.908	0.028	0.048
0.418	0.036	0.040	0.506
0.063	0.004	0.932	0.001
0.979	0.008	0.012	0.001
0.072	0.016	0.494	0.419
0.066	0.001	0.932	0.001
0.036	0.004	0.956	0.004
0.561	0.108	0.148	0.183
0.182	0.001	0.816	0.001
0.003	0.001	0.995	0.001
0.908	0.024	0.036	0.032
0.028	0.001	0.967	0.004
0.119	0.012	0.853	0.016
0.103	0.662	0.120	0.115
>NTTTCTNAGAAA	STAT5(Stat)/mCD4+-Stat5-ChIP-Seq(GSE12346)/Homer	6.285419
0.379	0.156	0.238	0.227
0.163	0.196	0.203	0.438
0.001	0.001	0.001	0.997
0.001	0.001	0.001	0.997
0.001	0.997	0.001	0.001
0.008	0.312	0.001	0.679
0.273	0.219	0.224	0.284
0.694	0.001	0.297	0.008
0.001	0.001	0.997	0.001
0.997	0.001	0.001	0.001
0.997	0.001	0.001	0.001
0.44	0.187	0.208	0.165
>AGGCCTNG	ZFX(Zf)/mES-Zfx-ChIP-Seq(GSE11431)/Homer	6.248446
0.922	0.001	0.076	0.001
0.001	0.001	0.997	0.001
0.001	0.001	0.997	0.001
0.001	0.997	0.001	0.001
0.001	0.997	0.001	0.001
0.001	0.113	0.001	0.885
0.358	0.138	0.36	0.144
0.188	0.198	0.533	0.081
>AASCACTCAA	Nkx2.5(Homeobox)/HL1-Nkx2.5.biotin-ChIP-Seq(GSE21529)/Homer	5.898166
0.358	0.149	0.331	0.163
0.353	0.153	0.327	0.169
0.193	0.413	0.385	0.011
0.003	0.901	0.002	0.095
0.650	0.086	0.002	0.263
0.015	0.971	0.002	0.013
0.002	0.002	0.002	0.995
0.023	0.561	0.006	0.411
0.492	0.200	0.197	0.113
0.598	0.040	0.158	0.205
>CTGCGCATGCGC	NRF1(NRF)/MCF7-NRF1-ChIP-Seq(Unpublished)/Homer	8.595777
0.0779220779220779	0.627372627372627	0.196803196803197	0.0979020979020979
0.0519480519480519	0.16983016983017	0.105894105894106	0.672327672327672
0.036	0.006	0.955	0.003
0.04	0.936	0.018	0.006
0.017	0.004	0.976	0.003
0.004995004995005	0.982017982017982	0.00699300699300699	0.00599400599400599
0.733266733266733	0.167832167832168	0.0679320679320679	0.030969030969031
0.041	0.077	0.167	0.715
0.005	0.013	0.975	0.007
0.011	0.959	0.004	0.026
0.008	0.02	0.922	0.05
0.006	0.928	0.009	0.057
>ACTYKNATTCGTGNTACTTC	Mouse_Recombination_Hotspot(Zf)/Testis-DMC1-ChIP-Seq(GSE24438)/Homer	9.682136
0.482	0.109	0.229	0.180
0.257	0.535	0.088	0.120
0.107	0.256	0.001	0.636
0.036	0.527	0.055	0.382
0.225	0.156	0.238	0.382
0.331	0.287	0.197	0.185
0.676	0.080	0.162	0.082
0.037	0.146	0.314	0.503
0.005	0.010	0.006	0.979
0.009	0.613	0.001	0.377
0.199	0.170	0.438	0.193
0.319	0.001	0.057	0.623
0.001	0.001	0.997	0.001
0.212	0.272	0.262	0.255
0.030	0.053	0.018	0.899
0.559	0.026	0.372	0.043
0.008	0.964	0.002	0.026
0.032	0.075	0.001	0.892
0.030	0.071	0.030	0.869
0.250	0.427	0.060	0.263
>GGCVGTTR	MYB(HTH)/ERMYB-Myb-ChIPSeq(GSE22095)/Homer	2.200585
0.105	0.001	0.843	0.051
0.170	0.001	0.663	0.166
0.001	0.997	0.001	0.001
0.323	0.320	0.355	0.001
0.001	0.001	0.997	0.001
0.001	0.001	0.001	0.997
0.001	0.001	0.001	0.997
0.532	0.001	0.466	0.001
>TTCTAGAABNTTCTA	HRE(HSF)/Striatum-HSF1-ChIP-Seq(GSE38000)/Homer	8.234199
0.071	0.091	0.061	0.777
0.026	0.063	0.042	0.869
0.032	0.921	0.022	0.025
0.026	0.270	0.010	0.694
0.684	0.007	0.301	0.008
0.001	0.001	0.997	0.001
0.939	0.033	0.011	0.017
0.895	0.021	0.046	0.038
0.194	0.345	0.235	0.225
0.237	0.242	0.303	0.219
0.051	0.051	0.027	0.871
0.019	0.021	0.038	0.922
0.008	0.963	0.012	0.017
0.037	0.351	0.014	0.598
0.481	0.134	0.217	0.169
>ACTTTCACTTTC	PRDM1(Zf)/Hela-PRDM1-ChIP-Seq(GSE31477)/Homer	7.912770
0.700	0.111	0.133	0.056
0.109	0.787	0.053	0.051
0.072	0.026	0.003	0.899
0.007	0.082	0.031	0.880
0.014	0.002	0.014	0.970
0.008	0.941	0.002	0.049
0.535	0.151	0.064	0.250
0.035	0.873	0.027	0.065
0.022	0.152	0.001	0.825
0.112	0.126	0.184	0.578
0.208	0.160	0.135	0.496
0.145	0.435	0.163	0.257
>AGGTGTCA	Tbx5(T-box)/HL1-Tbx5.biotin-ChIP-Seq(GSE21529)/Homer	5.412312
0.786	0.002	0.139	0.074
0.168	0.021	0.778	0.034
0.002	0.143	0.842	0.014
0.002	0.083	0.002	0.914
0.002	0.002	0.995	0.002
0.159	0.226	0.066	0.550
0.016	0.495	0.231	0.260
0.719	0.022	0.133	0.127
>DCYAAAAATAGM	Mef2c(MADS)/GM12878-Mef2c-ChIP-Seq(GSE32465)/Homer	7.874481
0.259	0.099	0.337	0.305
0.189	0.600	0.065	0.146
0.017	0.444	0.001	0.538
0.641	0.119	0.078	0.162
0.590	0.033	0.175	0.202
0.887	0.006	0.043	0.064
0.871	0.006	0.024	0.099
0.890	0.010	0.007	0.093
0.030	0.030	0.011	0.929
0.935	0.002	0.058	0.005
0.195	0.062	0.693	0.050
0.352	0.439	0.100	0.108
>GGTCANYTGAGGWCA	THRa(NR)/C17.2-THRa-ChIP-Seq(GSE38347)/Homer	7.772885
0.129	0.001	0.771	0.099
0.055	0.012	0.786	0.147
0.031	0.139	0.259	0.571
0.069	0.667	0.118	0.146
0.723	0.091	0.077	0.109
0.212	0.226	0.219	0.343
0.179	0.377	0.214	0.230
0.059	0.290	0.084	0.567
0.288	0.199	0.449	0.064
0.693	0.001	0.291	0.015
0.001	0.001	0.997	0.001
0.006	0.002	0.957	0.035
0.338	0.171	0.104	0.387
0.063	0.738	0.105	0.094
0.812	0.043	0.053	0.092
>NCTGTCAATCAN	Pbx3(Homeobox)/GM12878-PBX3-ChIP-Seq(GSE32465)/Homer	8.248480
0.145	0.386	0.366	0.103
0.107892107892108	0.733266733266733	0.115884115884116	0.042957042957043
0.042	0.051	0.001	0.906
0.01	0.001	0.988	0.001
0.001	0.201	0.001	0.797
0.001	0.997	0.001	0.001
0.914	0.05	0.001	0.035
0.417	0.379	0.18	0.024
0.001	0.001	0.001	0.997
0.001	0.996	0.002	0.001
0.88	0.035	0.001	0.084
0.314	0.265	0.223	0.198
>GAAAGTGAAAGT	IRF1(IRF)/PBMC-IRF1-ChIP-Seq(GSE43036)/Homer	9.688988
0.145	0.015	0.826	0.014
0.905	0.001	0.091	0.003
0.997	0.001	0.001	0.001
0.997	0.001	0.001	0.001
0.095	0.358	0.531	0.016
0.150	0.111	0.037	0.702
0.048	0.001	0.950	0.001
0.961	0.001	0.037	0.001
0.995	0.001	0.001	0.003
0.995	0.001	0.002	0.002
0.035	0.367	0.577	0.021
0.109	0.239	0.070	0.582
>CCATATATGGNA	CArG(MADS)/PUER-Srf-ChIP-Seq(Sullivan_et_al.)/Homer	6.911457
0.001001001001001	0.994994994994995	0.003003003003003	0.001001001001001
0.001	0.947	0.001	0.051
0.557	0.037	0.004	0.402
0.288288288288288	0.014014014014014	0.017017017017017	0.680680680680681
0.786	0.013	0.041	0.16
0.16983016983017	0.0479520479520479	0.011988011988012	0.77022977022977
0.693	0.017	0.012	0.278
0.405	0.003	0.017	0.575
0.06	0.001	0.938	0.001
0.002997002997003	0.000999000999000999	0.993006993006993	0.002997002997003
0.266	0.302	0.23	0.202
0.413	0.341	0.104	0.142
>YTGWCADY	Tgif1(Homeobox)/mES-Tgif1-ChIP-Seq(GSE55404)/Homer	4.974907
0.114	0.380	0.090	0.415
0.043	0.023	0.008	0.926
0.079	0.037	0.810	0.074
0.443	0.016	0.020	0.521
0.034	0.892	0.026	0.048
0.794	0.057	0.109	0.040
0.248	0.121	0.336	0.295
0.215	0.385	0.155	0.245
>CNGTCCTCCC	Znf263(Zf)/K562-Znf263-ChIP-Seq(GSE31477)/Homer	3.877224
0.152	0.413	0.242	0.193
0.333	0.24	0.309	0.118
0.005	0.334	0.66	0.001
0.001	0.001	0.001	0.997
0.001	0.512	0.486	0.001
0.001	0.997	0.001	0.001
0.001	0.001	0.001	0.997
0.001	0.997	0.001	0.001
0.001	0.997	0.001	0.001
0.137862137862138	0.657342657342657	0.001998001998002	0.202797202797203
>GGYAGCAYDTGCTDCCCNNN	EBNA1(EBV-virus)/Raji-EBNA1-ChIP-Seq(GSE30709)/Homer	11.187041
0.001	0.001	0.997	0.001
0.235	0.001	0.763	0.001
0.218	0.390	0.003	0.389
0.997	0.001	0.001	0.001
0.011	0.001	0.987	0.001
0.007	0.623	0.144	0.226
0.691	0.174	0.110	0.025
0.181	0.282	0.107	0.430
0.377	0.122	0.238	0.263
0.037	0.124	0.130	0.709
0.246	0.196	0.550	0.008
0.001	0.976	0.001	0.022
0.001	0.001	0.001	0.997
0.383	0.001	0.363	0.253
0.001	0.760	0.001	0.238
0.001	0.997	0.001	0.001
0.181	0.555	0.033	0.231
0.286	0.198	0.231	0.285
0.245	0.224	0.337	0.194
0.248	0.261	0.268	0.223
>CTAATKGV	Isl1(Homeobox)/Neuron-Isl1-ChIP-Seq(GSE31456)/Homer	5.471859
0.017	0.569	0.057	0.357
0.003	0.001	0.001	0.995
0.945	0.001	0.053	0.001
0.997	0.001	0.001	0.001
0.001	0.001	0.352	0.646
0.013	0.001	0.432	0.554
0.101	0.016	0.882	0.001
0.276	0.398	0.250	0.076
>TAATCHGATTAC	Pax7(Paired,Homeobox),long/Myoblast-Pax7-ChIP-Seq(GSE25064)/Homer	9.803488
0.010	0.004	0.003	0.983
0.974	0.006	0.012	0.008
0.993	0.004	0.002	0.001
0.012	0.015	0.006	0.967
0.016	0.713	0.099	0.172
0.323	0.382	0.053	0.242
0.257	0.059	0.633	0.051
0.929	0.004	0.012	0.055
0.001	0.002	0.001	0.996
0.004	0.006	0.006	0.984
0.951	0.018	0.003	0.028
0.277	0.497	0.069	0.157
>RTACGTGC	HIF-1b(HLH)/T47D-HIF1b-ChIP-Seq(GSE59937)/Homer	5.713117
0.387	0.146	0.321	0.146
0.162	0.143	0.245	0.450
0.819	0.006	0.164	0.011
0.001	0.924	0.001	0.074
0.052	0.001	0.921	0.026
0.002	0.007	0.001	0.990
0.003	0.009	0.983	0.005
0.251	0.592	0.026	0.131
>CAAAGGTCAG	Erra(NR)/HepG2-Erra-ChIP-Seq(GSE31477)/Homer	5.749423
0.023	0.791	0.047	0.139
0.603396603396603	0.357642357642358	0.027972027972028	0.010989010989011
0.682	0.021	0.288	0.009
0.877	0.001	0.118	0.004
0.001	0.001	0.997	0.001
0.015015015015015	0.011011011011011	0.814814814814815	0.159159159159159
0.025	0.139	0.176	0.66
0.001	0.985	0.01	0.004
0.971	0.013	0.008	0.008
0.148851148851149	0.266733266733267	0.49050949050949	0.0939060939060939
>ATGCATAATTCA	Pit1+1bp(Homeobox)/GCrat-Pit1-ChIP-Seq(GSE58009)/Homer	7.338242
0.819	0.054	0.030	0.097
0.005	0.002	0.004	0.989
0.119	0.039	0.748	0.094
0.374	0.526	0.015	0.085
0.943	0.016	0.005	0.036
0.034	0.005	0.009	0.952
0.730	0.019	0.023	0.228
0.931	0.008	0.004	0.057
0.059	0.012	0.017	0.912
0.072	0.011	0.187	0.730
0.094	0.748	0.048	0.110
0.974	0.009	0.001	0.016
>TGACCTTTGCCCCA	PPARE(NR),DR1/3T3L1-Pparg-ChIP-Seq(GSE13511)/Homer	6.968824
0.084	0.043	0.06	0.813
0.092	0.128	0.718	0.062
0.61	0.245	0.106	0.039
0.109	0.847	0.009	0.035
0.026	0.916	0.001	0.057
0.006	0.112	0.002	0.88
0.027	0.267	0.038	0.668
0.013986013986014	0.014985014985015	0.01998001998002	0.951048951048951
0.07	0.165	0.69	0.075
0.233	0.495	0.135	0.137
0.027	0.827	0.017	0.129
0.108	0.788	0.002	0.102
0.069	0.598	0.016	0.317
0.654	0.129	0.1	0.117
>NTTTCCNGGAAA	STAT4(Stat)/CD4-Stat4-ChIP-Seq(GSE22104)/Homer	5.220249
0.277	0.235	0.317	0.171
0.038	0.379	0.092	0.491
0.001	0.001	0.001	0.997
0.001	0.001	0.048	0.95
0.074	0.92	0.001	0.005
0.022	0.791	0.001	0.186
0.359	0.137	0.148	0.356
0.187	0.001	0.794	0.018
0.004004004004004	0.001001001001001	0.917917917917918	0.0770770770770771
0.961	0.037	0.001	0.001
0.997	0.001	0.001	0.001
0.477	0.102	0.396	0.025
>ATTTTCCATT	NFAT(RHD)/Jurkat-NFATC1-ChIP-Seq(Jolma_et_al.)/Homer	6.822934
0.538461538461539	0.028971028971029	0.0609390609390609	0.371628371628372
0.0580580580580581	0.165165165165165	0.237237237237237	0.53953953953954
0.001	0.001	0.03	0.968
0.001	0.001	0.001	0.997
0.001	0.001	0.001	0.997
0.001	0.997	0.001	0.001
0.001	0.997	0.001	0.001
0.925	0.001	0.073	0.001
0.031	0.358	0.059	0.552
0.081	0.254	0.139	0.526
>CCAGGAACAG	AR-halfsite(NR)/LNCaP-AR-ChIP-Seq(GSE27824)/Homer	5.193832
0.122	0.483	0.277	0.118
0.204	0.613	0.009	0.174
0.439	0.124	0.187	0.25
0.335	0.001	0.663	0.001
0.001	0.001	0.997	0.001
0.47052947052947	0.272727272727273	0.167832167832168	0.0889110889110889
0.997	0.001	0.001	0.001
0.001	0.994	0.004	0.001
0.965	0.001	0.001	0.033
0.031031031031031	0.331331331331331	0.533533533533534	0.104104104104104
>YTKGATAHAGTATTCTWGGTNGGCA	ZNF136(Zf)/HEK293-ZNF136.GFP-ChIP-Seq(GSE58341)/Homer	9.096398
0.185	0.412	0.129	0.274
0.177	0.105	0.097	0.621
0.081	0.097	0.476	0.347
0.178	0.129	0.548	0.145
0.517	0.016	0.346	0.121
0.064	0.347	0.081	0.508
0.509	0.145	0.040	0.306
0.380	0.250	0.016	0.355
0.823	0.001	0.096	0.080
0.161	0.129	0.654	0.056
0.146	0.129	0.121	0.604
0.815	0.105	0.056	0.024
0.024	0.048	0.049	0.879
0.024	0.097	0.185	0.694
0.065	0.612	0.008	0.315
0.137	0.194	0.121	0.548
0.266	0.210	0.113	0.411
0.282	0.001	0.524	0.193
0.024	0.032	0.936	0.008
0.097	0.210	0.016	0.677
0.242	0.201	0.347	0.210
0.178	0.040	0.468	0.314
0.186	0.145	0.500	0.169
0.202	0.588	0.049	0.161
0.782	0.073	0.081	0.064
>NAAACCACAG	RUNX(Runt)/HPC7-Runx1-ChIP-Seq(GSE22178)/Homer	6.625870
0.164	0.382	0.293	0.161
0.518	0.115	0.001	0.366
0.747	0.02	0.232	0.001
0.972	0.001	0.026	0.001
0.001	0.997	0.001	0.001
0.001	0.997	0.001	0.001
0.881	0.001	0.117	0.001
0.001	0.997	0.001	0.001
0.997	0.001	0.001	0.001
0.312	0.066	0.497	0.125
>ARGAGGMCAAAATGW	ZNF675(Zf)/HEK293-ZNF675.GFP-ChIP-Seq(GSE58341)/Homer	8.912868
0.416	0.238	0.178	0.168
0.406	0.030	0.514	0.050
0.059	0.020	0.901	0.020
0.604	0.001	0.277	0.118
0.079	0.001	0.831	0.089
0.020	0.020	0.811	0.149
0.505	0.386	0.099	0.010
0.089	0.633	0.030	0.248
0.812	0.109	0.010	0.069
0.584	0.208	0.178	0.030
0.989	0.009	0.001	0.001
0.979	0.019	0.001	0.001
0.049	0.267	0.049	0.635
0.029	0.001	0.960	0.010
0.287	0.168	0.149	0.396
>NGTCCCNNGGGA	EBF(EBF)/proBcell-EBF-ChIP-Seq(GSE21978)/Homer	8.590014
0.286713286713287	0.121878121878122	0.351648351648352	0.23976023976024
0.0760760760760761	0.283283283283283	0.458458458458459	0.182182182182182
0.005005005005005	0.16016016016016	0.001001001001001	0.833833833833834
0.001	0.997	0.001	0.001
0.001	0.845	0.001	0.153
0.001	0.997	0.001	0.001
0.227	0.348	0.032	0.393
0.396	0.024	0.347	0.233
0.001	0.001	0.997	0.001
0.117	0.001	0.881	0.001
0.001	0.001	0.997	0.001
0.849	0.001	0.133	0.017
>GCAGCCAAGCGTGACN	PAX5(Paired,Homeobox)/GM12878-PAX5-ChIP-Seq(GSE32465)/Homer	7.209436
0.002	0.234	0.462	0.302
0.036963036963037	0.889110889110889	0.000999000999000999	0.0729270729270729
0.856	0.025	0.073	0.046
0.089	0.202	0.605	0.104
0.002	0.569	0.127	0.302
0.116	0.598	0.262	0.024
0.710710710710711	0.012012012012012	0.264264264264264	0.013013013013013
0.509	0.033	0.194	0.264
0.001998001998002	0.270729270729271	0.726273726273726	0.000999000999000999
0.001	0.883	0.015	0.101
0.453	0.033	0.466	0.048
0.03	0.022	0.114	0.834
0.159	0.011	0.827	0.003
0.664	0.081	0.188	0.067
0.244244244244244	0.700700700700701	0.038038038038038	0.017017017017017
0.227	0.364	0.17	0.239
>ACCGTGACTAATTNN	PAX3:FKHR-fusion(Paired,Homeobox)/Rh4-PAX3:FKHR-ChIP-Seq(GSE19063)/Homer	7.413611
0.588411588411588	0.0519480519480519	0.145854145854146	0.213786213786214
0.003	0.595	0.401	0.001
0.001	0.746	0.001	0.252
0.472	0.006	0.505	0.017
0.018	0.001	0.075	0.906
0.194194194194194	0.003003003003003	0.787787787787788	0.015015015015015
0.782782782782783	0.015015015015015	0.102102102102102	0.1001001001001
0.087	0.911	0.001	0.001
0.222	0.101	0.025	0.652
0.958	0.002	0.039	0.001
0.997	0.001	0.001	0.001
0.0910910910910911	0.022022022022022	0.018018018018018	0.868868868868869
0.06	0.213	0.195	0.532
0.273273273273273	0.199199199199199	0.29029029029029	0.237237237237237
0.322	0.216	0.27	0.192
>NANTGGAAAAANTGAGTCAN	NFAT:AP1(RHD,bZIP)/Jurkat-NFATC1-ChIP-Seq(Jolma_et_al.)/Homer	8.950862
0.197802197802198	0.288711288711289	0.368631368631369	0.144855144855145
0.454545454545455	0.146853146853147	0.246753246753247	0.151848151848152
0.388611388611389	0.158841158841159	0.313686313686314	0.138861138861139
0.194	0.037	0.094	0.675
0.011	0.001	0.987	0.001
0.004	0.001	0.994	0.001
0.924	0.024	0.043	0.009
0.94	0.001	0.052	0.007
0.801	0.054	0.096	0.049
0.522	0.165	0.202	0.111
